11111111100101110010110011000001
11111100111011110011010010010010
11110111101000001101111101100110
11110110011101110010100101010001
00000000000111110011110110111101
00001010100001100011100010110111
00000110100001010000000111000000
11111101110010100110101110111010
00000010010010110100101111001101
00001000001001111010011110100111
00000000100001111001110000110001
11111110001011001001011011101110
00001000011000101010001101011100
00000011100101111000011010000001
11110111000111110100010110001110
00001101100000110011011000101110
00110010100001000111100000001100
00101001000001100011111001111010
00000001011101110110111000011111
11111001000111000111010101100011
00000111110110111100101110010110
00000101001011010000101110011010
11111100111011000000000000011101
00000011111010001001000100101011
00000111100111001100101011111011
11111111011001011100010110101010
11111111101101011010010110001101
00001001011110100101100101100110
00001000001101011110101110010010
11111011111010011100100100011101
11110101110000100000101111101100
11111001011011110001011110011000
11111110001100111100100010111100
11111111110110110111100101101010
