11111111100011110111110111011101
11111100010011010001000011001010
11110100110100110100001100101000
11110001010101100101001110000101
11111101000110001011001011010010
00001101110101011001101011000011
00001011110110110010101110100101
11111110010101100000011110100110
00000001010111010100001110111011
00001011100101000110011110001000
00000011010101110000010100101111
11111100100110011100101001011100
00001001111111001100010100111101
00001000010011111110111010111011
11110100101010111000101011010101
00001011101011000000011110100010
01000100000000000100001000101000
01000100000000000100001000101000
00001011101011000000011110100010
11110100101010111000101011010101
00001000010011111110111010111011
00001001111111001100010100111101
11111100100110011100101001011100
00000011010101110000010100101111
00001011100101000110011110001000
00000001010111010100001110111011
11111110010101100000011110100110
00001011110110110010101110100101
00001101110101011001101011000011
11111101000110001011001011010010
11110001010101100101001110000101
11110100110100110100001100101000
11111100010011010001000011001010
11111111100011110111110111011101
