-2.344714816574000116e-04
-8.802052580230999628e-04
-2.318805710365000067e-03
-4.948113129632000090e-03
-9.096561220174999296e-03
-1.485347089338000075e-02
-2.189972884058000169e-02
-2.939750742306999898e-02
-3.600554912571000271e-02
-4.006454898325000069e-02
-3.995111975181000336e-02
-3.453736329532999805e-02
-2.363716573976000143e-02
-8.290763816394999819e-03
9.244168852059999469e-03
2.586007654729000071e-02
3.828543699839000169e-02
4.393567915624999737e-02
4.169200573621999889e-02
3.235429572962000150e-02
1.857975092012999901e-02
4.260530772625999857e-03
-6.529613868664000190e-03
-1.073049313246999918e-02
-7.264145796671999701e-03
2.557484655313000104e-03
1.536536993736999958e-02
2.675627207763999968e-02
3.271616714508000096e-02
3.099400426327000163e-02
2.195465492181000039e-02
8.580228937712000570e-03
-4.441736041508000110e-03
-1.229245315235999968e-02
-1.175538499157999933e-02
-2.508849567254999979e-03
1.251624551440999947e-02
2.792092834175999988e-02
3.758926819357000237e-02
3.687765898019999822e-02
2.451745964470000011e-02
3.544228824960000013e-03
-1.915678037198999956e-02
-3.466223389730999777e-02
-3.469592974359000243e-02
-1.437932804317000081e-02
2.583654739397000036e-02
7.973021393243000243e-02
1.365902554993999873e-01
1.839127976353999994e-01
2.107548332348999909e-01
2.107548332348999909e-01
1.839127976353999994e-01
1.365902554993999873e-01
7.973021393243000243e-02
2.583654739397000036e-02
-1.437932804317000081e-02
-3.469592974359000243e-02
-3.466223389730999777e-02
-1.915678037198999956e-02
3.544228824960000013e-03
2.451745964470000011e-02
3.687765898019999822e-02
3.758926819357000237e-02
2.792092834175999988e-02
1.251624551440999947e-02
-2.508849567254999979e-03
-1.175538499157999933e-02
-1.229245315235999968e-02
-4.441736041508000110e-03
8.580228937712000570e-03
2.195465492181000039e-02
3.099400426327000163e-02
3.271616714508000096e-02
2.675627207763999968e-02
1.536536993736999958e-02
2.557484655313000104e-03
-7.264145796671999701e-03
-1.073049313246999918e-02
-6.529613868664000190e-03
4.260530772625999857e-03
1.857975092012999901e-02
3.235429572962000150e-02
4.169200573621999889e-02
4.393567915624999737e-02
3.828543699839000169e-02
2.586007654729000071e-02
9.244168852059999469e-03
-8.290763816394999819e-03
-2.363716573976000143e-02
-3.453736329532999805e-02
-3.995111975181000336e-02
-4.006454898325000069e-02
-3.600554912571000271e-02
-2.939750742306999898e-02
-2.189972884058000169e-02
-1.485347089338000075e-02
-9.096561220174999296e-03
-4.948113129632000090e-03
-2.318805710365000067e-03
-8.802052580230999628e-04
-2.344714816574000116e-04
