11111111111000110010100001001110
11111110110101011110110010000100
11111100001111001011001111010110
11111010111000101110000110111000
11111110111100000101010000001000
00000100111001101000100110000110
00000100001001000010111110000001
11111111001010100000100110100001
00000000010100111100110110111100
00000100001100000000101100011010
00000001000110010010100000101101
11111110011111101100110010101111
00000011100100101110100110111001
00000011001000110110001101011100
11111011100100000011000000011100
00000011010011101001110010101011
00010111100010100111010001011110
00010111100010100111010001011110
00000011010011101001110010101011
11111011100100000011000000011100
00000011001000110110001101011100
00000011100100101110100110111001
11111110011111101100110010101111
00000001000110010010100000101101
00000100001100000000101100011010
00000000010100111100110110111100
11111111001010100000100110100001
00000100001001000010111110000001
00000100111001101000100110000110
11111110111100000101010000001000
11111010111000101110000110111000
11111100001111001011001111010110
11111110110101011110110010000100
11111111111000110010100001001110
