11111111110110110111100101101010
11111111000100011110000010101011
11111100111011110011010010010010
11111001011011110001011110011000
11110110010000110101010111000100
11110110011101110010100101010001
11111011111010011100100100011101
00000100011111100100101111000001
00001010100001100011100010110111
00001001011110100101100101100110
00000010111011000110111000101011
11111101110010100110101110111010
11111111011001011100010110101010
00000101011001000011110111110010
00001000001001111010011110100111
00000011111010001001000100101011
11111101110110111010011101110010
11111110001011001001011011101110
00000101001011010000101110011010
00001001100010000010000111011101
00000011100101111000011010000001
11111001000111000111010101100011
11111001101101111110011011100110
00001101100000110011011000101110
00101001000001100011111001111010
00110101111101000000011101011100
00101001000001100011111001111010
00001101100000110011011000101110
11111001101101111110011011100110
11111001000111000111010101100011
00000011100101111000011010000001
00001001100010000010000111011101
00000101001011010000101110011010
11111110001011001001011011101110
11111101110110111010011101110010
00000011111010001001000100101011
00001000001001111010011110100111
00000101011001000011110111110010
11111111011001011100010110101010
11111101110010100110101110111010
00000010111011000110111000101011
00001001011110100101100101100110
00001010100001100011100010110111
00000100011111100100101111000001
11111011111010011100100100011101
11110110011101110010100101010001
11110110010000110101010111000100
11111001011011110001011110011000
11111100111011110011010010010010
11111111000100011110000010101011
11111111110110110111100101101010