11111111111110000101000100011100
11111111101101000000010001110011
11111110110101011110110010000100
11111101001100100110001111000010
11111011011001000010101110010000
11111010111000101110000110111000
11111100111110010111010100010101
00000001001011101110100110110101
00000100111001101000100110000110
00000101010101100010100111100101
00000010011000001101001000111111
11111111001010100000100110100001
11111111000100011111011111101110
00000001111101110111111000010001
00000100001100000000101100011010
00000010110011110110100011111110
11111111011011100111010000000100
11111110011111101100110010101111
00000001100110100010000111100001
00000100110011111011100110100011
00000011001000110110001101011100
11111101100011000100010101000111
11111011100011110001010101110010
00000011010011101001110010101011
00010001011110111100101000011100
00011010111110100000001110101110
00010111100010100111010001011110
00001010001101001001100110000011
11111110001010001101000101110100
11111011100100000011000000011100
00000000011101000010001100100101
00000100101110000110100000111010
00000011100100101110100110111001
11111111101011011100101000111111
11111110011011010011001101101110
00000001000110010010100000101101
00000011111101111001110010001101
00000011011011001011111111100001
00000000010100111100110110111100
11111110101000000110001000011001
00000000100010111001101111101100
00000100001001000010111110000001
00000101100111111010111100110001
00000011010011110110001000001100
11111110111100000101010000001000
11111011100101000100011110011001
11111010110111110010101000110100
11111100001111001011001111010110
11111110000110010100100000001110
11111111010111011101110000111000
11111111111000110010100001001110